13
17
16
11
7
5
1732
1685
1645
1613
1584
1543
1502
1465
1415
1378
1363
1327
1272
1221
1166
1139
1095
1066
1048
1015
985
945
913
867
820
780
752
727
695
668
645
622
580
564
544
516
498
471
448
430
395
368
346
324
301
295
291
264
251
230
221
213
198
191
168
163
149
148
138
264
245
239
211
193
1837
1809
1743
1701
1663
1628
1586
1570
1540
1495
1455
1409
1406
1387
1361
1321
1282
1245
1214
1180
1143
1108
1095
1040
1021
1012
994
962
941
909
883
854
808
1906
1844
1782
1749
1715
1650
1637
1618
1576
1525
1505
1470
1421
1388
1329
1300
1276
1234
1226
1202
1161
1125
1093
1063
1034
982
943
910
893
538
513
499
492
471
446
418
396
378
349
333
308
283
265
248
231
222
207
185
162
157
138
126
119
103
93
83
72
63
62
55
47
44
38
31
28
21
17
13
10
8
5
3
2043
2014
1977
1934
1899
1830
1788
1737
1698
1636
1595
1555
1544
1512
1443
1430
1396
1350
1283
1251
1225
1196
1173
1111
1070
1055
1028
999
979
949
909
891
854
827
806
777
753
1291
1227
1182
1155
1122
1103
1072
1029
990
973
946
914
870
850
833
808
794
768
741
724
697
672
643
601
572
570
542
506
486
463
443
419
396
371
344
329
307
295
271
259
237
219
206
178
173
165
151
141
134
128
112
94
85
77
69
60
52
49
41
36
34
30
26
19
16
14
9
1493
1454
1426
1384
1365
1324
1291
1252
1210
1178
1155
1121
1087
1053
1024
994
956
943
900
889
852
817
794
786
754
728
705
660
642
614
592
567
538
518
498
479
457
431
397
390
375
359
337
316
303
270
238
224
210
192
182
176
160
143
131
121
108
105
89
80
75
71
64
56
46
38
28
27
20
16
13
9
6
5
3
2
0
173
161
148
135
132
119
107
93
83
76
66
61
53
48
46
37
29
25
21
14
12
8
6
5
4
1
1
1592
1543
1504
1461
1413
1378
1339
1291
1239
1205
1188
1145
1104
1101
1063
1018
979
941
919
896
863
832
797
766
733
700
673
635
613
591
569
535
512
487
477
454
436
417
393
378
357
328
308
290
269
251
239
222
202
196
182
176
162
150
135
121
119
110
97
82
75
64
55
47
35
29
26
20
17
12
75
67
57
53
1735
1717
1660
1615
1578
1551
1481
1427
1390
1364
1310
1265
1246
1212
1174
1139
1111
1079
1063
1025
993
948
908
885
869
827
801
782
764
722
693
665
633
605
579
552
532
509
486
453
432
413
384
365
349
322
307
290
283
267
259
245
226
215
199
186
172
158
149
140
120
104
95
79
73
71
62
58
54
24
19
19
14
10
6
4
2
795
778
747
714
696
668
649
630
589
570
529
510
499
468
458
437
421
410
388
357
341
326
310
294
525
502
481
468
454
432
413
395
377
357
332
313
33
25
20
16
623
600
596
574
549
519
24
21
18
16
14
11
8
8
5
5
2
1
572
545
520
501
477
442
419
406
374
354
334
315
303
276
257
241
229
214
196
182
168
152
144
138
121
115
102
100
87
74
66
56
45
41
30
23
21
18
13
9
6
5
1218
1181
1131
1087
1042
995
942
918
885
850
844
116
106
99
91
79
72
64
54
45
34
29
27
22
13
10
6
524
517
512
492
481
457
431
409
383
369
349
321
301
285
71
60
52
44
38
27
24
19
17
12
1323
1290
1254
1202
1158
1156
1129
1097
1079
1050
1015
979
951
920
891
845
825
791
774
758
737
707
685
638
609
580
560
528
496
475
462
437
413
400
380
363
340
314
306
285
271
249
235
218
213
197
182
167
156
142
136
122
111
97
88
76
65
58
50
42
34
30
23
16
10
1041
993
962
920
886
845
828
803
785
752
725
678
674
651
626
612
590
544
524
504
495
463
429
411
391
372
354
334
313
305
294
288
280
266
246
243
229
212
195
187
171
99
89
78
68
59
48
47
41
35
158
149
135
125
113
102
87
85
82
75
63
60
59
53
44
36
27
21
16
14
12
4
2
1
1
1584
1534
1477
1472
1452
1415
1377
1332
1297
1275
1248
1190
1152
1132
1079
1064
1016
977
960
927
885
867
819
793
763
754
725
692
686
678
662
634
615
575
548
529
503
481
450
431
405
391
370
337
331
317
295
274
258
251
239
230
214
148
131
120
111
1822
1774
1756
1702
1664
1616
1562
1522
1460
1414
1362
1317
1286
1276
1235
1197
1152
1114
1072
1026
1000
980
966
941
902
881
865
835
798
757
728
717
688
642
619
603
577
540
516
506
476
472
445
416
400
378
345
320
298
281
263
234
217
214
201
185
173
164
150
135
122
110
102
88
77
70
61
51
45
37
35
30
27
22
16
11
8
6
6
4
2
1
49
42
2278
2238
2180
2161
2113
2077
2023
1967
1927
1881
1845
1806
1753
1713
1672
1640
1614
1568
1529
1483
1456
1420
1385
1339
1318
1283
1253
1208
1171
1166
1136
1096
1052
1024
986
972
944
934
898
868
853
829
786
767
759
1459
1423
1378
1341
1306
1264
1235
1205
1165
1146
1128
1079
1045
1270
1235
1205
1178
1128
1103
1056
1033
1000
973
938
910
884
825
814
779
732
721
689
659
631
605
595
576
545
533
513
475
467
241
222
202
191
176
169
167
152
47
46
42
36
29
26
19
13
10
6
2167
2121
2054
2000
1962
1911
1867
1819
69
59
51
47
42
36
31
21
17
12
9
7
6
4
2
1918
1874
1832
1785
1744
1728
1664
1640
1577
1546
1506
1487
1478
1442
1375
1352
1316
1284
1244
1220
1184
1147
1112
1079
1049
1005
967
933
907
881
841
815
784
761
736
720
693
674
643
618
607
582
567
543
499
468
465
438
422
411
392
376
357
351
327
307
293
288
268
252
238
225
210
201
191
168
166
149
9
9
4
1
28
21
19
16
15
11
1476
1438
1398
1382
1356
1316
1277
1233
1227
1178
1141
1119
1086
1029
1022
998
986
963
924
885
845
809
782
756
727
704
692
660
647
616
606
571
544
527
500
480
446
423
398
375
354
334
309
289
272
254
238
224
208
194
176
164
148
133
120
105
96
89
85
75
70
61
51
41
36
28
22
17
14
10
6
3
72
70
64
52
124
113
103
96
91
82
73
66
53
43
40
32
26
20
17
17
12
1194
1136
1102
1079
1045
1002
164
143
127
116
105
91
89
78
69
54
49
43
36
31
238
221
211
195
179
159
149
137
127
544
522
494
468
448
424
406
386
362
336
320
317
295
274
256
241
654
641
624
592
562
537
516
499
496
471
452
433
416
398
377
344
332
312
295
279
276
260
247
222
336
314
291
264
249
235
226
206
200
182
163
148
129
118
111
95
86
77
68
61
49
44
38
33
29
22
19
16
14
12
9
8
5
3
348
331
316
297
272
262
251
225
207
483
466
436
429
405
365
344
333
321
300
285
268
257
235
224
219
206
190
170
160
219
203
201
181
167
153
138
121
111
105
93
853
843
812
781
751
730
696
676
655
628
601
574
550
536
512
499
474
449
433
415
394
374
354
333
325
307
286
269
250
231
217
202
184
168
148
141
129
116
105
99
92
79
76
64
60
48
39
31
23
19
18
14
158
145
131
118
105
90
80
69
583
554
529
490
467
439
418
395
371
342
328
310
292
276
253
240
213
200
184
165
154
141
130
120
110
100
91
75
66
63
56
49
450
440
413
407
388
364
344
331
329
309
292
275
260
244
225
212
99
92
81
72
68
60
54
48
42
36
25
20
17
14
11
9
9
5
5
3
469
451
429
414
389
372
355
335
323
303
289
269
246
239
217
212
197
185
179
171
154
138
132
124
115
101
83
80
75
71
66
63
57
48
43
35
30
23
20
15
12
9
1553
1529
1468
1425
1413
1366
1326
1298
1253
1207
1181
1150
1140
1098
1065
1028
986
949
908
872
847
817
788
755
714
682
657
630
609
580
553
529
516
494
469
438
416
399
380
359
352
342
325
309
287
262
244
220
203
786
772
739
702
674
650
630
623
591
568
545
522
503
475
459
431
421
404
387
378
361
343
326
315
300
282
269
256
247
228
217
204
190
183
170
160
148
138
131
116
107
105
95
84
75
74
69
62
54
47
40
34
27
23
22
18
13
10
6
3
3
7
7
4
1
0
991
961
922
886
856
823
798
775
771
762
726
700
666
635
623
590
579
555
524
498
464
459
452
431
399
385
366
354
336
318
312
293
284
271
253
236
222
199
194
184
171
149
140
128
116
104
102
90
79
70
60
51
44
42
34
29
22
17
10
9
5
3
2
1010
967
937
902
859
846
843
808
777
747
706
677
648
620
588
572
567
546
526
500
476
447
439
417
388
365
343
326
306
296
275
262
240
229
208
189
167
152
1253
1227
1196
1164
1104
1061
1048
1028
994
971
943
903
871
831
801
784
750
708
696
676
646
601
570
562
529
503
469
462
442
439
404
382
359
342
323
305
291
275
252
234
230
213
806
773
751
716
682
650
612
595
212
196
180
176
161
153
63
58
50
44
39
33
28
22
17
12
8
108
98
87
77
67
58
49
41
34
23
1324
1284
1248
1191
1133
1095
1058
1025
1013
956
919
874
858
825
792
774
745
714
685
661
640
620
596
572
565
537
507
487
469
452
442
414
389
369
352
318
303
283
1617
1573
1522
1500
1436
1393
1349
1320
1271
1214
1175
1140
1096
1063
1032
1000
943
912
866
828
805
781
753
725
692
668
72
61
54
50
40
31
26
21
13
11
7
1653
1590
1538
1512
1468
1419
1384
1358
119
111
1948
1916
1865
1832
1780
1729
1679
1662
1626
1566
1525
1484
1431
1391
1363
1331
1295
1258
1221
1188
1153
1138
1108
1075
1072
1037
1010
981
938
927
906
875
854
808
766
733
705
676
651
629
607
586
570
563
546
508
489
465
449
424
401
381
359
340
321
305
289
267
258
251
238
226
209
193
169
156
145
133
125
113
103
99
92
87
71
61
57
48
40
33
27
27
17
13
11
8
6
1
0
1370
1338
1299
1288
1233
1202
1178
1150
1121
1087
1063
1030
1008
978
955
917
894
865
834
804
782
761
719
692
667
634
607
583
565
541
267
251
232
219
201
183
171
146
139
131
131
120
111
107
100
91
20
15
13
301
285
276
257
243
228
220
204
186
176
165
145
131
114
108
103
95
85
79
74
71
65
63
55
41
40
38
1955
1896
1875
1856
1795
1750
1716
1671
1619
1569
1527
1493
1433
1389
1357
1311
1276
1248
1207
1161
1115
1064
1036
1006
976
951
937
892
861
841
799
782
759
734
711
685
658
638
624
591
581
558
528
498
482
455
445
426
400
370
345
311
304
290
275
251
229
207
184
172
158
142
131
121
112
94
82
79
4
1279
1237
1213
1168
1145
1096
1048
1031
998
968
939
909
883
835
819
797
770
747
724
703
681
659
639
618
587
556
534
515
499
489
475
445
437
408
389
377
357
335
319
301
282
265
242
221
205
182
166
156
146
138
128
116
106
98
90
81
71
65
57
49
41
35
32
24
19
16
10
7
5
3
1006
976
946
928
896
858
395
375
366
344
324
310
287
271
251
238
212
198
181
164
146
775
60
57
48
44
42
32
30
23
18
11
11
9
1486
1460
1430
1361
1314
1273
1239
1220
1180
1141
1094
1075
1020
1007
985
948
942
917
897
855
838
824
798
768
717
699
678
665
648
618
592
560
525
511
487
453
434
398
386
380
363
342
331
317
299
273
253
237
222
210
193
188
163
155
607
583
561
537
515
493
481
452
429
422
396
376
368
352
333
326
295
279
271
257
245
237
1524
440
418
397
371
347
328
310
301
2050
1972
1917
1889
1855
1805
1764
1733
1683
1672
1600
1572
1558
1510
1466
1428
1385
1348
1306
1255
1218
1184
1137
1097
1060
1041
1010
975
956
904
885
851
837
804
767
732
715
691
661
624
595
568
542
518
499
480
455
452
434
407
379
357
337
322
301
279
261
244
229
215
199
183
164
150
130
119
106
94
81
71
62
52
40
35
29
24
18
14
59
58
53
1810
1774
1700
1668
1629
1605
1565
1527
1507
1473
1433
1387
1351
1309
1262
1258
1204
1179
1136
1106
1088
1052
1023
998
970
927
896
865
832
820
784
761
731
704
679
650
628
613
592
560
536
534
508
474
444
424
404
395
369
359
340
320
308
294
273
247
235
221
215
202
185
180
161
143
128
114
100
90
86
77
67
64
59
47
2564
2535
2481
2401
2351
2320
2278
2212
2144
2097
2010
1948
1893
1854
1828
1798
1756
1710
1674
1609
1575
1556
1532
1487
1475
1442
1415
1399
1367
1316
1279
1245
1265
1228
1193
1159
1127
1092
1041
993
961
936
918
898
858
849
816
806
785
752
716
684
653
642
605
577
552
534
511
503
478
462
433
397
376
356
335
331
315
303
301
284
271
252
239
213
202
708
683
655
625
527
512
492
467
451
433
420
407
386
369
346
333
