8 1
2
6
5
4
3
7
8
1
5
8 5
2
5
8
7
6
3
1
4
2
6
3
5
7
82 59
53
56
50
19
45
13
30
73
59
66
70
3
9
61
78
79
55
58
48
63
7
69
5
72
40
32
14
35
29
17
76
31
49
34
57
80
10
24
20
4
26
2
25
18
6
27
64
51
65
21
28
54
75
52
43
42
44
39
36
62
71
74
67
68
81
1
23
47
22
15
46
82
38
37
33
8
41
11
77
60
12
16
37
4
17
30
35
45
18
69
21
81
54
79
15
11
65
48
20
74
2
32
63
52
1
73
66
36
26
49
46
24
25
12
67
31
50
29
72
57
6
8
22
51
53
56
82
77
78
34
59
27
7
43
19
70
5
47
3
68
14
34 5
25
30
29
34
3
8
1
17
7
4
20
23
13
18
15
27
11
19
22
2
16
33
6
5
12
21
24
31
10
32
9
28
26
14
23
3
34
14
10
89 33
24
17
31
38
44
76
36
80
39
65
10
37
42
46
60
59
19
47
40
33
8
57
74
62
34
43
54
35
48
52
32
18
58
26
21
53
86
25
84
50
13
23
69
14
68
4
27
11
12
66
71
56
29
22
6
88
9
55
49
67
7
70
81
72
83
73
79
78
51
61
87
5
45
41
89
15
77
30
64
16
3
82
20
2
1
75
63
28
85
31
15
54
58
48
62
17
49
84
26
86
85
72
66
34
23
27
39
47
57
29
75
80
78
82
81
21
67
18
50
46
5
38
93 29
21
65
22
7
14
86
62
54
26
89
29
15
66
75
37
68
60
81
30
47
57
31
33
41
13
69
73
10
36
16
78
19
35
58
80
11
43
17
52
82
2
46
85
4
53
55
39
56
1
5
32
91
23
24
59
25
42
40
67
90
20
63
44
48
3
18
38
12
83
84
50
72
61
8
88
6
9
93
64
92
71
51
34
49
77
74
76
45
27
28
70
79
87
12
28
31
33
9
92
15
47
66
70
91
18
36
8
59
64
1
7
90
20
85
23
43
50
6
57
82
71
4
46 43
31
25
39
14
4
36
12
43
37
29
46
24
28
22
41
1
32
9
13
44
3
20
6
10
34
42
8
26
18
5
27
21
16
2
19
17
11
45
7
23
35
33
15
30
40
38
25
12
40
13
11
7
26
10
43
3
36
37
21
32
18
35
17
39
46
45
31
16
1
2
34
22
29
20
4
19
15
38
23
9
14
5
33
27
41
28
8
42
44
92 37
81
25
15
39
7
45
8
42
17
63
51
85
78
56
44
20
35
23
26
13
57
90
16
48
34
69
76
40
92
12
80
32
64
14
22
47
75
1
66
6
36
4
68
91
60
24
52
73
9
88
50
30
43
86
83
82
31
77
59
28
19
70
79
74
33
67
58
18
53
89
37
29
72
71
38
61
87
41
62
21
55
65
11
5
2
3
54
49
84
27
10
46
26
14
68
72
85
49
19
73
90
66
57
8
79
11
15
67
76
3
35
71
24
23
5
80
87
34
82
20
43
29
13
69
58
12
46
74
2
74 67
60
31
6
24
69
49
18
38
53
45
15
61
13
70
47
44
66
14
27
43
4
12
63
64
3
41
26
42
7
71
56
21
5
67
54
19
1
2
50
10
36
59
17
25
23
35
29
68
55
39
58
8
57
72
20
16
22
74
9
33
52
62
28
32
46
37
40
34
11
73
51
48
65
30
69
63
12
50
18
19
49
45
13
58
36
61
48
62
17
74
37
28
51
38
21
56
60
16
73
20
66
26
34
31
8
42
71
47
23
43
15
53
14
67
54
39
70
6
25
59
24
29
3
44
64
52
40
57
27
55
65
11
22
10
9
7
30
5
1
32
4
79 77
53
45
59
38
9
14
11
18
37
66
1
69
7
25
46
17
34
43
60
22
33
21
71
55
70
29
48
51
4
64
30
79
12
19
50
24
35
57
63
8
58
6
72
74
68
13
62
61
75
56
67
44
26
47
76
23
15
78
16
40
39
36
73
10
52
3
49
77
27
42
20
41
32
54
31
5
2
65
28
46
75
36
73
64
58
38
23
62
25
50
47
42
12
33
31
65
69
9
71
60
67
1
32
30
49
3
54
6
19
8
45
29
37
74
48
27
10
77
24
4
39
79
34
2
5
55
43
28
35
76
56
53
68
72
15
11
66
40
18
78
52
51
16
44
59
7
20
57
26
63
70
41
22
21
13
17
29 27
4
3
7
11
18
8
19
27
13
12
26
25
9
20
29
5
24
2
14
21
6
22
10
23
1
17
28
15
16
19
18
10
3
29
5
6
16
22
24
13
15
23
7
25
26
12
11
27
9
2
21
17
4
1
8
28
78 70
6
49
52
18
70
58
42
34
46
77
66
53
5
32
37
16
21
48
9
78
76
29
30
56
59
22
51
38
12
40
74
65
60
63
50
35
39
43
7
64
13
72
3
44
57
1
36
69
2
4
47
31
61
11
55
45
33
15
25
10
17
71
54
8
26
41
62
73
19
20
14
67
28
23
68
27
24
75
74
47
51
23
41
63
24
14
30
18
28
4
75
46
10
53
1
61
69
48
60
17
65
56
15
35
66
12
57
44
76
40
59
5
13
22
64
25
45
11
70
37
39
26
32
9
36
19
67
43
68
38
50
34
58
6
31
27
77
16
8
2
72
20
49
54
42
33
3
71
19 4
5
17
3
6
1
11
13
14
7
19
15
18
10
4
8
2
12
9
16
15
10
5
7
83 69
46
37
26
39
65
63
54
41
51
67
42
80
59
44
49
9
30
10
34
76
14
3
48
74
31
56
83
58
20
1
4
35
50
71
18
52
11
69
7
32
57
6
68
33
2
19
62
15
38
55
43
79
45
13
61
82
24
17
60
21
77
72
5
78
36
47
81
40
70
22
28
66
75
53
27
64
25
12
73
29
23
16
8
75
67
40
39
26
8
25
50
4
23
54
77
52
46
32
53
19
9
49
42
63
22
79
70
74
45
60
82
76
34
21
28
24
36
2
55
69
41
16
7
37
59
20
62
5
11
35
81
18
3
6
13
31
71
15
33
38
64
56
80
65
68
12
78
73
47
66
14
10
10 8
9
4
7
3
1
8
6
2
10
5
5
10
3
7
2
6
4
9
63 24
2
27
16
13
14
48
57
17
37
5
59
24
3
55
19
46
9
11
35
7
20
12
33
21
32
31
8
42
56
38
52
18
1
54
63
47
10
58
6
51
62
23
4
29
26
50
61
36
41
49
44
45
22
39
34
25
28
40
60
53
30
43
15
20
56
6
7
34
38
24
59
43
15
50
5
4
17
26
18
19
1
55
58
32
35
40
61
47 12
34
9
46
31
33
18
21
16
39
23
5
43
7
13
1
20
4
6
36
37
44
2
27
42
10
17
25
30
3
32
29
28
26
47
14
45
19
24
40
38
11
12
22
15
8
35
41
26
27
45
5
23
25
13
16
22
34
3
32
13 4
1
2
13
8
7
12
9
4
3
5
10
11
6
12
9
4
13
52 6
7
14
6
32
39
17
35
12
23
20
50
40
37
51
15
33
46
9
31
19
5
29
42
1
30
43
44
41
11
2
52
8
27
21
16
3
36
47
24
45
26
13
4
10
22
38
25
28
34
49
18
48
1
48
28
29
46
44
14 12
3
4
6
5
1
12
8
9
7
2
13
14
10
11
10
9
3
4
6
11
14
12
13
2
5
7
47 42
40
39
14
29
32
4
30
19
21
3
47
38
33
22
26
24
2
45
1
34
46
28
12
41
20
37
6
8
42
13
7
15
10
44
17
11
18
23
5
27
36
25
35
31
16
43
9
26
24
23
22
39
33
35
40
17
7
15
14
47
11
21
31
41
16
34
18
30
44
3
9
36
38
43
28
32
12
46
45
27
29
19
4
8
37
20
10
25
5
68 11
3
23
49
45
67
6
47
11
18
57
15
66
8
52
63
51
12
64
62
55
41
43
60
22
61
39
44
5
26
35
20
33
36
53
7
14
19
4
59
25
56
2
32
27
46
10
1
42
37
34
38
29
50
13
28
65
31
54
40
30
48
68
16
21
9
58
17
24
29
62
51
49
57
66
5
53
2
68
26
22 16
14
21
7
22
1
13
3
4
8
9
19
5
17
15
16
20
18
2
11
10
6
12
17
8
20
6
15
10
13
14
22
18
1
7
21
5
19
12
46 14
13
27
44
3
41
1
31
37
29
23
8
22
7
5
36
42
6
20
38
39
32
14
33
45
26
28
21
2
4
19
11
34
12
43
35
18
25
46
9
24
10
17
16
15
40
30
40
3
14
13
38
26
24
10
30
39
37
27
45
16
18 10
4
12
5
14
9
2
15
11
10
17
7
13
6
3
8
1
18
16
6
10
14
17
1
5
11
4
3
13
71 65
28
39
2
65
48
41
42
44
21
61
34
27
13
60
14
12
57
15
19
50
24
55
10
64
69
66
30
4
18
49
32
56
23
38
62
71
47
51
11
8
53
59
68
52
43
5
9
36
58
70
7
35
17
37
6
20
40
33
67
1
63
46
54
26
45
22
31
25
16
3
29
27
39
61
48
2
18
59
13
46
37
11
30
51
32
1
21
36
63
12
10
40
54
3
29
69
24
60
6
34
4
20
47
28
8
42
17
25
19
52
58
26
44
64
14
66
56
53
62
38
15
55
45
22
41
31
50
5
9
49
43
67
35
16
7
71
65 41
6
28
64
3
35
51
57
43
65
16
9
56
46
62
21
33
30
45
12
32
49
36
20
18
26
29
2
48
47
7
41
59
37
1
22
11
15
5
42
4
24
58
38
40
39
19
27
50
44
23
10
60
61
54
25
14
34
55
52
13
63
53
17
8
31
17
35
46
4
10
54
2
12
19
34
65
63
18
33
16
40
64
20
30
60
51
56
39
29
24
11
41
43
53
50
9
61
28
47
6
5
27
48
21
25
23
20 9
3
13
20
10
15
4
11
8
18
5
17
2
16
6
1
14
19
12
7
9
10
18
11
7
1
3
8
13
5
27 21
5
12
17
1
2
18
24
22
13
16
14
7
21
3
9
26
8
25
20
23
10
27
15
6
4
19
11
25
17
20
8
14
6
2
5
19
24
27
1
12
16
18
22
13
26
7
9
15
7 4
4
1
3
2
5
6
7
2
3
7
1
80 53
26
21
51
3
63
68
70
6
41
29
30
67
77
44
80
10
22
31
20
33
55
56
18
49
11
74
23
37
35
72
15
25
52
75
46
32
28
64
69
59
42
57
45
16
60
13
8
12
7
17
66
58
76
47
43
48
5
27
14
61
50
38
71
39
9
24
79
2
73
34
78
40
1
65
53
4
36
62
54
19
7
63
3
71
52
43
16
28
26
20
2
34
65
9
10
5
13
62
64
24
30
19
46
39
79
69
17
6
21
29
49
31
77
38
25
56
57
14
66
74
23
59
1
78
45
36
55
32
73
61
54
60
27
24 4
18
15
6
16
19
24
23
17
2
1
10
4
8
13
20
21
3
5
7
14
11
22
9
12
18
7
8
14
83 82
11
58
72
25
12
65
42
17
55
53
52
6
68
59
2
26
8
50
29
18
70
81
76
9
33
40
69
51
35
46
79
57
61
48
36
71
43
47
78
64
45
63
21
41
13
80
39
10
37
60
83
38
75
7
54
22
5
27
62
16
44
74
19
56
23
31
28
77
82
49
20
34
66
30
15
14
4
1
24
3
67
73
32
10
17
23
42
37
5
61
72
52
65
22
40
6
39
21
31
45
7
30
83
29
67
35
16
74
77
63
58
20
47
82
48
4
62
66
46
15
51
8
34
11
76
19
75
70
3
68
27
71
69
1
38
12
43
49
56
80
50
79
44
41
60
14
53
33
32
81
18
55
2
36
25
57
78
24
13
64
73
28
26
54
59
13 2
8
9
6
11
12
3
10
4
5
7
13
2
1
7
12
98 45
50
60
40
53
63
44
18
98
4
73
30
41
38
94
84
80
12
66
23
34
77
19
13
76
45
79
20
28
65
22
8
72
11
75
24
21
59
39
64
35
88
36
69
71
16
85
17
27
92
6
57
82
52
37
7
90
31
55
61
83
86
51
15
49
54
56
1
46
81
33
47
26
68
67
48
43
10
95
32
2
70
5
14
89
74
91
29
42
58
25
97
9
62
78
96
93
87
3
90
66
95
69
24
33
32
55
50
21
82
26
44
51
58
81
75
52
72
67
41
37
29
18
45
20
76
17
96
35
60
77
40
65
78
38
89
15
56
74
30
2
62
91
39
80 13
37
7
20
63
11
18
77
74
29
2
6
51
16
72
21
23
61
70
28
36
48
49
1
76
64
52
10
68
79
46
57
71
13
56
39
34
15
3
12
40
5
73
41
35
50
59
4
55
17
42
32
14
9
44
78
67
43
53
38
25
27
60
19
31
69
33
26
30
45
66
62
75
80
8
47
54
22
65
24
58
43
57
17
15
27
67
47
31
62
16
70
48
1
75 29
8
52
74
16
29
21
57
48
24
67
26
22
5
2
58
6
66
4
49
59
38
32
37
34
64
19
43
10
39
23
68
11
40
56
75
17
27
9
62
1
41
25
18
73
72
54
30
61
7
53
33
60
15
3
20
42
47
55
44
31
70
13
71
63
51
45
69
12
35
65
36
14
46
28
50
17
47
60
57
26
3
50
56
41
1
27
19
74
6
59
14
5
49
36
31
68
69
32
7
70
23
12
65
40
32 8
19
2
25
4
5
23
26
7
28
16
3
27
31
6
18
15
29
30
14
9
1
21
32
24
12
10
20
17
8
22
11
13
28
8
22
15
32
2
13
24
14 10
5
11
4
12
8
10
3
13
7
2
1
6
14
9
14
5
6
3
4
1
7
8
10
13
96 8
49
91
68
4
83
15
84
23
2
73
85
78
66
45
6
35
27
33
80
14
3
55
64
10
13
53
5
63
92
72
59
87
62
47
12
46
17
11
31
24
79
19
96
50
36
95
77
1
48
7
39
32
75
43
61
58
41
67
29
94
89
9
65
93
51
86
21
18
56
30
38
40
8
26
57
25
71
60
54
20
28
16
81
88
22
44
82
70
74
52
42
37
34
90
69
76
75
66
63
94
79
41
30
27
18 15
4
11
3
1
9
14
12
5
8
18
17
16
13
10
7
6
15
2
10
11
15
9
16
18
2
8
14
17
3
5
13
6
7
91 68
83
16
55
40
72
66
77
10
5
81
48
1
47
91
17
78
20
12
26
45
31
56
30
19
13
82
34
15
50
25
49
18
52
39
64
86
79
67
46
11
14
62
7
4
65
85
69
80
88
9
29
59
87
36
68
24
33
60
57
58
42
3
6
35
73
8
21
61
90
27
54
51
2
41
76
32
38
71
84
23
44
37
28
89
22
53
75
70
74
43
63
62
65
27
36
10
78
20
72
53
85
12
1
29
91
63
33
69
38
13
35
24
46
51
64
3
37
86
57
58
66
30
11
15
39
90
4
26
43
88
74
45
76
7
83
82
89
55
52
71
87
73
21
16
6
79
59
70
56
80
44
68
67
17
54
77
5
47
8
7 4
1
7
3
4
6
2
5
1
7
2
4
11 6
8
5
4
10
7
1
3
6
11
2
9
8
9
6
11
4
2
75 72
29
43
52
10
28
24
36
75
26
27
34
9
68
35
63
2
57
69
56
65
54
39
70
53
74
8
45
5
58
6
32
47
50
16
72
18
73
59
21
55
48
7
38
49
60
44
11
14
17
15
46
23
3
42
61
37
41
12
40
33
22
30
66
4
64
20
25
13
1
62
31
71
67
51
19
18
73
2
29
21
42
54
71
69
49
24
39
1
67
26
62
6
53
3
74
57
60
11
15
34
66
58
51
48
64
13
41
5
44
16
75
50
30
70
31
45
19
38
32
7
17
72
55
14
33
27
12
52
37
68
59
61
10
56
9
63
43
4
28
20
46
25
40
65
22
36
47
18 4
3
9
8
14
10
1
7
6
13
18
16
15
17
2
12
5
11
4
3
17
5
1
23 17
5
1
23
13
9
6
2
22
19
18
4
10
20
21
8
16
15
17
7
3
12
14
11
13
14
10
6
8
20
4
23
22
9
19
12
18
5
2
7
16
71 6
42
6
55
47
57
65
2
38
7
58
69
17
24
35
29
45
18
22
67
43
23
40
21
31
15
48
56
5
3
63
16
66
30
32
54
12
4
41
10
39
64
68
60
36
33
8
26
61
20
27
11
71
1
62
9
14
70
13
25
28
37
49
53
52
59
19
34
46
50
44
51
69
4
62
12
47
37
24 14
22
10
24
19
14
6
20
18
3
13
17
2
15
5
4
16
11
1
9
12
7
23
8
21
24
1
12
5
18
23
14
13
22
3
4
15
2
19
29 9
21
17
25
28
23
29
15
8
2
7
16
20
12
4
9
11
6
27
22
10
14
26
13
3
5
18
19
1
24
6
18
12
13
28
22
8
7
10
46 16
11
3
39
37
41
28
5
29
19
2
45
43
8
15
42
35
7
30
32
38
34
18
20
40
23
13
16
14
36
6
10
22
21
44
31
9
24
1
27
12
4
46
25
17
26
33
27
34
10
24
17
31
22
14
9
19
46
42
35
38
18
5
52 24
46
3
4
48
17
29
45
19
39
26
30
47
15
2
20
21
14
34
51
28
5
1
24
10
43
52
27
8
25
50
36
38
13
33
11
12
42
31
23
22
7
49
40
44
41
9
16
37
6
32
35
18
49
35
18
11
30
38
19
4
23
15
10
32
33
28
6
17
43
52
14
3
24
1
45
41
36 34
10
31
7
26
5
29
35
30
14
16
36
13
25
15
2
12
19
22
24
27
28
20
1
6
3
21
34
11
4
33
32
9
17
18
8
23
3
11
31
22
13
33
25
7
26
36
1
30
17
19
29
28
27
6
16
8
14
18
34
12
4
21
15
5
10
23
2
20
24
35
37 9
33
15
29
10
5
12
22
17
27
34
35
6
9
37
16
7
24
21
18
31
14
25
36
4
2
20
3
32
11
26
1
13
28
19
8
23
30
25
17
13
29
28
10
33
27
30
48 20
2
33
46
45
6
32
10
7
27
17
4
15
29
25
14
35
12
1
22
18
37
21
19
28
42
3
16
34
13
43
44
36
26
23
38
5
39
40
9
41
30
48
31
47
24
11
8
20
1
33
7
27
46
35
39
38
24
22
23
18
5
12
48
25
37
9
17
11
30 11
15
25
1
6
11
22
29
28
16
18
26
12
20
23
14
5
10
4
3
8
7
27
2
21
13
9
17
24
19
30
7
1
2
8
23
26
29
15
11
4
6
60 52
15
9
29
10
46
36
5
43
3
59
49
28
53
23
41
54
20
57
26
48
16
60
35
32
1
47
24
6
50
8
22
7
37
31
21
2
58
44
11
51
12
30
13
34
55
4
33
17
56
38
14
18
45
25
27
40
19
42
52
39
3
12
25
24
39
48
51
58
11
7
27
31
55
32
42
35
13
38
44
20
50
28
22
10
34
49
36
47
54
1
18
41
43
59
15
23
19
17
56
30
4
52
46
40
2
53
14
57
16
45
21
37
22 8
19
12
6
15
21
11
18
16
13
22
20
9
14
17
2
5
3
4
8
1
7
10
11
16
20
21
1
12
5
6
45 32
35
28
44
24
29
17
31
41
12
34
16
3
11
42
37
21
5
14
19
40
38
20
30
25
10
4
15
23
43
22
39
32
1
7
36
45
13
33
27
9
26
2
18
6
8
18
24
2
25
7
26
29
10
41
5
30
4
38
35
17
9
20
31
1
36
27
21
32
23
22
19
44
16
3
34
28
37
45 16
32
14
10
4
5
19
38
2
45
3
21
35
20
22
24
33
25
43
41
31
9
11
13
30
28
27
42
6
29
23
40
37
36
8
1
16
18
7
12
17
15
26
44
34
39
34
18
5
11
35
30
22
44
6
29
33
42
13
12
37
25
23 20
9
5
2
21
3
13
10
7
18
19
4
20
15
17
11
6
12
8
14
1
22
16
23
7
6
15
3
11
16
13
14
18
1
12
5
10
4
9
2
8
23
20
19
48 42
35
26
11
12
20
17
21
40
43
27
28
2
5
4
38
13
18
3
45
34
29
6
32
22
15
25
19
10
16
1
39
23
36
14
41
7
24
47
37
46
42
44
31
8
9
33
48
30
6
15
33
14
29
30
45
2
16
5
26
7
11
35
44
27
13
41
36
10
38
42
39
22
1
8
12
37
17
21
47
3
25
18
34
23
43
20
28
19
24
32
77 49
69
43
45
12
38
35
59
15
30
36
33
63
47
44
41
46
61
64
67
54
71
40
70
18
55
58
10
62
29
13
1
74
20
14
34
42
52
9
5
37
16
17
7
73
49
68
77
50
3
31
60
21
2
39
6
32
75
25
28
51
24
8
22
48
76
66
23
57
26
11
53
72
27
56
19
4
65
53
11
45
12
26
43
73
61
2
1
13
76
64
5
55
67
31
71
58
30
39
52
54
19
28
36
37
60
24
40
35
57
33
29
8
22
68
20
46
65
75
18
50
70
63
42
59
3
34
64 61
43
13
15
10
44
1
45
20
4
34
49
14
26
6
25
3
36
32
53
27
31
57
59
33
41
5
19
38
51
2
22
12
24
56
16
63
7
28
29
30
64
37
60
21
11
8
35
54
52
50
42
55
46
47
17
39
9
40
23
48
18
61
62
58
15
21
45
41
31
29
4
11
2
16
12
28
59
37
44
6
54
46
3
56
34
36
48
40
63
26
50
55
57
47
51
32
10
24
39
22
25
14
18
35
1
64
33
23
62
52
20
19
30
8
38
43
5
61
60
49
42
27
53
58
9
7 5
2
4
6
3
1
5
7
7
3
1
6
5
65 63
53
35
12
41
4
17
18
34
44
61
50
33
7
57
43
28
3
29
26
8
27
42
58
36
11
47
46
24
56
54
16
22
31
23
60
45
9
48
25
2
39
49
5
6
51
37
15
10
1
65
63
20
40
38
32
64
30
14
52
59
21
13
19
62
55
39
5
43
54
9
40
60
62
64
10
42
6
35
18
2
7
26
15
32
14
4
59
31
21
48
34
8
36
16
55
41
52
11
25
47
45
19
63
3
56
13
51
30
46
29
65
22
27
33
23
49
57
17
61
58
50
20
53
12
1
24
28
38
62 38
18
35
4
1
32
46
20
53
55
48
11
19
56
49
24
33
41
27
34
62
61
31
52
57
23
45
59
37
50
30
21
43
26
6
42
7
10
25
12
2
44
38
54
3
22
14
8
5
36
16
28
17
51
40
15
29
39
58
13
9
60
47
56
29
50
53
51
60
21
7
37
13
23
52
35
17
19
58
32
27
2
31
15
47
38
5
42
57
28
59
11
22
40
8
24
55
45
9
62
6
72 42
64
51
14
5
47
4
19
40
9
38
13
48
7
60
33
6
61
62
25
68
57
72
36
29
1
8
63
37
28
54
44
53
31
58
32
35
69
34
27
3
18
71
17
15
45
52
26
12
23
67
50
66
56
49
46
30
65
10
55
21
20
39
2
24
41
11
22
43
59
16
70
42
25
33
52
64
47
59
1
32
66
71
62
23
60
31
65
22
51
13
41
53
2
21
7
10
35
16
6
40
5
11
48
12
43
15
17
29
50
61
27
14
58
42
59 8
43
50
41
32
45
38
46
14
15
1
34
9
2
13
53
4
55
19
31
22
6
57
44
49
18
27
12
17
47
10
5
40
25
52
39
51
42
11
23
7
3
33
20
26
35
8
58
30
21
29
59
16
56
37
28
48
54
24
36
49
36
16
7
32
43
19
24
29 6
19
10
20
24
2
1
17
16
12
22
21
18
7
13
15
28
23
11
27
4
9
26
6
8
29
14
25
5
3
18
20
2
16
26
24
16 11
10
16
8
12
9
1
5
2
4
11
14
7
15
6
3
13
1
8
4
14
5
10
9
11
3
12
15
20 10
12
16
2
7
8
15
20
19
17
3
18
4
5
6
13
14
11
10
9
1
14
10
9
6
3
16
20
12
1
17
72 38
11
54
29
71
64
26
44
43
40
19
37
4
47
63
6
18
48
24
58
31
13
45
61
16
56
32
25
60
57
41
62
52
15
28
22
14
50
10
5
65
36
66
20
72
38
3
9
59
69
35
51
33
42
2
8
70
34
12
46
39
67
21
68
7
53
1
17
23
27
30
55
49
47
38
7
64
40
57
45
4
1
44
2
70
48
27
13
20
30
62
51
16
72
35
25
68
43
58
36
24
65
6
56
52
15
32
71
31
23
21
78 26
51
42
30
8
15
12
32
20
17
74
78
61
57
9
72
41
24
52
68
34
69
33
1
77
26
48
75
55
71
5
58
38
63
50
37
49
22
27
6
10
40
7
56
76
73
53
62
66
19
23
31
44
39
67
28
3
60
46
43
14
35
21
64
45
59
70
29
16
47
13
11
25
4
65
36
2
18
54
31
71
1
78
23
28
34
69
11
55
43
14
37
47
27
4
52
16
75
60
26
44
22
61
41
66
18 11
2
11
15
13
14
4
6
8
1
16
7
10
18
12
9
3
5
17
13
12
18
14
11
16
8
15
4
3
5
87 8
25
4
23
26
7
40
73
80
57
68
49
28
42
50
52
35
70
15
1
14
75
72
46
5
13
22
71
55
8
74
30
65
58
64
59
54
34
85
36
78
2
67
3
31
45
6
17
18
12
9
38
43
47
10
62
51
21
77
11
79
27
60
84
86
16
29
37
66
41
87
39
63
56
33
83
81
48
44
32
82
19
76
61
69
24
53
20
24
32
66
21
57
48
61
69
26 2
5
14
4
13
8
23
2
7
11
19
1
15
16
25
3
18
24
17
6
12
26
10
9
22
21
20
11
19
92 89
84
82
60
1
11
72
5
20
22
63
23
42
37
55
18
90
73
47
57
34
45
21
44
6
81
66
46
13
25
50
8
74
64
29
61
41
2
87
92
86
67
4
69
70
36
35
89
58
24
3
78
9
26
85
15
40
14
59
71
32
7
30
56
28
19
33
68
54
76
49
10
16
65
48
43
79
62
91
12
31
39
80
38
51
83
88
17
53
75
27
77
52
25
57
68
92
66
55
80
49
12
40
39
10
61
62
85
26
24
30
89
69
79
34
4
1
9
37
50
73
77
13
15
8
90
27
74
14
28
78
71
46
2
29
11
65
72
48
59
51
3
35
67
81
70
36
42
54
16
75
91
52
21
58
44
82
86
33
38
23
7
56
83
53
76
17
45
87
19
31
47
63
88
84
18
22
41
64
60
6
20
75 30
29
38
42
50
74
69
34
6
27
32
45
16
28
17
75
33
47
51
71
23
30
58
24
4
21
63
18
43
46
8
55
49
61
11
12
5
68
9
20
3
14
41
19
67
66
7
70
60
25
22
37
31
48
65
56
15
40
52
54
62
72
64
10
73
59
44
35
53
1
26
36
2
39
13
57
60
42
6
71
67
48
40
31
35
17
5
4
38
65
7
53
46
51
21
29
70
10
44
23
63
47
32
8
20
74
33 16
30
13
32
10
20
26
15
5
4
27
8
3
31
24
9
7
14
16
29
22
17
12
2
18
23
21
19
11
6
28
25
1
33
22
20
9
24
11
3
1
25
4
33
7
19
28
13
14
29
9 3
7
8
1
9
4
3
2
5
6
9
6
5
40 27
19
15
27
33
10
5
8
24
25
11
6
13
7
12
3
28
31
20
1
34
29
22
9
18
30
26
14
36
4
16
40
23
37
17
39
38
2
32
35
21
16
5
25
15
1
32
9
17
28
29
33
21
27
20
35
18
3
8
12
38
11
39
23
4
36
40
6
87 68
32
11
5
23
64
31
29
74
58
78
4
69
81
56
8
72
19
77
3
62
12
70
86
27
20
84
47
87
83
85
26
24
54
21
25
40
7
79
48
71
49
75
16
36
43
34
15
61
38
41
13
52
76
82
46
45
50
63
9
67
42
51
73
57
1
44
6
60
33
39
59
14
18
80
53
10
37
65
35
55
66
2
28
22
30
17
68
85
23
3
1
47
26
61
62
71
48
73
17
33
53
56
76
59
39
64
87
10
34
67
43
32
12
86
44
20
6
66
82
63
21
16
13
60
19
83
8
40
14
84
65
9
68
51
37
22
35
2
4
55
25
81
30
78
18
7
45
72
36
41
24
28
70
29
27
5 1
1
3
5
4
2
2
73 70
23
52
40
49
63
62
58
31
46
29
15
53
68
12
17
6
47
5
10
70
71
56
64
27
20
4
13
14
3
43
59
18
2
19
26
50
25
28
66
73
61
67
32
1
36
8
11
42
24
55
22
65
38
44
57
9
33
51
21
41
72
7
39
69
48
30
16
35
54
45
34
37
60
21
12
53
15
16
70
6
22
24
73
50
33
62
23
57
61
13
18
32
36
19
17
51
9
56
38
48
10
72
5
58
69
52
20
54
11
1
66
30
43
37
71
49
27
63
59
3
65
4
26
41
44
2
29
40
46
14
35
8
47
39
60
7
55
25
68
67
42
34
64
61 6
49
38
58
19
60
42
52
33
61
10
11
23
37
4
40
6
29
41
26
55
2
46
51
47
18
7
57
20
35
25
14
12
13
22
34
24
17
30
48
15
28
39
32
56
53
54
8
59
45
31
27
3
44
1
43
16
36
21
9
5
50
24
34
11
25
42
26
40 15
21
20
6
10
15
19
5
4
37
29
40
1
35
23
34
24
38
16
36
30
22
39
2
13
3
11
17
9
26
31
32
27
33
28
8
14
18
12
25
7
20
5
9
3
33
35
16
34
23
7
11
38
36
40
4
55 1
55
39
23
17
53
43
42
10
29
40
15
18
30
49
24
33
12
11
41
20
19
52
9
4
13
16
54
32
46
21
31
5
2
48
7
14
37
6
8
22
28
34
45
3
51
47
36
25
38
44
50
27
1
35
26
39
16 12
14
8
1
10
5
13
9
7
4
11
3
15
6
16
12
2
15
13
11
1
14
16
7
8
2
12
6
9
81 54
50
59
18
44
61
24
35
11
48
39
20
54
42
56
74
9
38
5
45
47
68
31
23
28
32
26
1
3
78
37
4
29
53
13
51
27
14
62
57
49
22
7
70
65
19
81
71
58
63
2
41
72
73
16
66
36
33
25
55
77
15
34
30
64
43
79
46
12
75
80
69
17
60
8
6
67
40
10
76
52
21
1
52
6
16
36
46
64
33
56
2
9
17
11
62
40
76
4
58
59
73
77
23
31
8
63
51
69
70
30
42
50
74
71
14
61
35
12
66
79
41
38
24
49
13
15
48
47
37
53
78
75
10
55
44
53 22
29
8
52
7
13
5
11
24
23
2
18
15
28
25
34
41
35
50
33
48
38
6
36
27
53
46
9
12
10
43
51
14
17
40
32
26
37
21
31
30
4
20
42
44
3
16
49
22
45
1
47
19
39
9
6
17
40
38
18
50
26
47
20
41
11
35
51
49
3
32
13
34
25
39
46
76 1
73
54
66
23
36
39
26
42
63
22
40
59
56
21
50
15
70
18
33
30
57
53
47
17
34
5
31
52
49
69
6
14
68
8
11
45
64
19
13
75
67
38
29
16
61
32
55
24
37
4
10
3
60
12
20
76
72
48
35
58
62
28
44
41
43
9
46
65
25
71
51
1
7
74
2
27
6
43 8
20
28
25
30
33
31
11
42
38
2
23
1
18
29
5
12
15
22
13
27
40
9
19
4
10
3
37
39
36
35
7
14
24
16
6
17
32
43
41
8
26
21
34
16
21
33
30
19
17
32
38
85 78
80
69
48
82
52
84
50
71
10
42
30
67
73
60
64
21
7
51
66
28
23
75
41
24
44
57
46
39
26
35
55
58
61
59
81
56
6
11
33
85
37
68
2
1
77
5
53
43
9
8
22
18
49
70
19
78
13
83
17
27
62
16
4
79
15
47
45
74
54
25
38
63
14
34
40
3
65
36
29
20
31
32
72
12
76
82
15
83
23
36
2
62
29
72
80
70
10
17
27
1
51
47
56
67
59
49
4
18
8
79
61
9
74
84
63
41
7
50
64
16
78
6
38
71
46
39
55
40
24
54
44
76
11
73
20
48
58
28
52
13
81
68
77
45
33
35
3
42
12
34
75
22
14
43
53
60
69
30
19
32
37
85
5
15 3
2
14
8
11
13
7
12
4
5
15
6
1
3
9
10
2
10
7
86 74
38
81
51
73
1
60
80
2
57
22
21
34
84
16
66
61
35
11
15
6
55
68
59
7
43
86
79
26
65
17
27
36
54
39
44
62
41
46
77
10
30
74
75
78
3
18
5
82
33
8
13
76
49
64
28
20
83
25
32
42
9
19
4
56
70
48
85
24
12
29
58
45
69
23
72
71
63
52
14
40
53
47
67
50
37
31
34
80
27
18
71
46
3
11
10
75
65
44
51
61
2
14
63
59
50
67
78
36
58
38
79
40
20
37
85
9
53
33
13
47
54
45
22
52
57
74
1
31
4
66
42
41
6
86
16
35
28
17
26
60
73
5
39
15
83
82
21
77
23
76
62
24
48
7
49
55
69
8
81
68
100 32
30
66
58
99
88
9
10
27
57
1
15
79
96
53
91
40
82
3
59
46
33
100
37
21
87
6
13
86
34
18
80
25
98
92
68
7
67
74
42
17
85
90
65
47
60
39
26
8
84
89
49
70
55
38
14
63
94
20
16
50
93
83
29
54
75
45
24
52
48
71
5
69
61
81
23
64
51
22
12
41
19
62
95
31
32
97
56
73
11
77
35
43
44
2
28
76
72
36
78
4
30
59
11
38
77
42
5
12
29
99
79
31
26
21
25
75
24
94
91
71
6
33
68
15
62
34
95
8
98
83
61
56
72 45
1
68
14
8
71
57
17
66
21
9
33
2
56
37
35
12
24
40
60
47
27
59
61
5
72
51
38
70
54
3
42
64
50
45
18
67
30
7
15
49
25
13
52
41
58
63
11
10
28
29
32
22
62
26
48
44
4
65
16
31
53
6
20
23
19
46
69
36
34
55
39
43
41
7
38
37
13
6
4
32
53
24
5
19
9
49
17
3
59
16
64
61
21
57
11
42
33
28
69
10
18
20
71
22
29
46
14
62
35
8
52
40
51
15
68
65
72
50 4
24
16
1
3
44
31
32
36
28
33
45
41
42
50
48
17
49
46
29
11
22
6
30
47
25
19
38
8
20
23
26
37
9
10
13
12
4
7
27
43
18
5
15
40
35
34
39
21
14
2
37
47
10
41
50 12
21
18
2
25
30
37
15
41
35
7
17
8
32
24
12
40
14
47
6
10
33
9
22
23
28
39
26
3
49
19
42
46
27
16
38
31
48
13
5
45
1
36
4
11
20
34
50
43
29
44
42
17
32
38
28
7
45
19
12
40
8
43
