-89875870 -40341653
-87726330 -47278278
-84793968 -56606615
-79798780 -70750789
-67941607 -86899824
-54778389 -101149013
-43170432 -112268315
-31819259 -122672912
-26693450 -126497658
-14606521 -131328946
0 -134084490
11656060 -131625563
28321694 -116750029
39064538 -106631761
51542023 -94378929
52514725 -92674187
56091913 -81470965
56763980 -74821558
56704067 -63040413
55307456 -53473674
46185977 -38705430
35755580 -26414027
19554155 -10101033
-22498865 10101034
-29329440 9985118
-43863787 7987924
-59029647 1154551
-66754055 -2628267
-75384718 -12874575
-86853372 -28620591
